-30,8198783050726;77,3842340529341
-36,0221798960363;77,3184054081013
-41,2141004424645;77,1356777790026
-46,404574138861;76,831372388037
-51,6022519132886;76,3995089624885
-56,8167076554515;75,834734129479
-62,0256279218082;75,0751847012795
-67,2174974610363;74,3484082458138
-71,7786791138045;73,5704555909924
-75,8735640538841;72,8134078256283
-79,6210029054;72,0576882159523
-83,04994220848;71,3293533250893
-86,2102484987795;70,5898371027178
-89,1884702832044;69,8632681523096
-91,8366370016272;69,2069629406335
-94,0447294822951;68,4901880087848
-96,2715448178512;68,0223929426014
-98,3147565682277;67,5883449659697
-100,218790822684;67,186628983926
-102,071522458958;66,8619854184571
-103,716982451206;66,4580321284708
-105,313282109129;66,0900911073796
-106,828463380348;65,7152939005376
-108,279627894864;65,3353187082924
-109,963144956533;65,1957924257697
-111,437820163687;64,9054776707611
-112,892518779743;64,6192152041281
-114,332846221587;64,3342542463904
-115,764312342987;64,0484008379044
-117,408292723185;63,9480127195339
-118,896153198379;63,7052532043406
-120,396565559452;63,4610349139748
-121,915209079258;63,2141537494044
-123,611483285292;63,0963737304495
-125,213757338405;62,8654970766973
-126,518307439406;62,5737478942898
-127,771558925738;62,2765943495809
-129,222479854793;62,1003097814775
-130,563130286836;61,7951271698187
-131,351176782191;61,5524531091085
-132,277091126218;61,4338856432574
-133,095340852362;61,2175149997403
-133,941057624227;60,9939935087396
-134,818098191134;60,761995191644
-135,891161513013;60,6252814091688
-136,89626199019;60,4038865115146
-137,879846645404;60,1648113970001
-138,336464813392;60,0499024763625
-138,799928093537;59,9321873903496
-139,271342157503;59,8112194635526
-139,457777420094;59,6023110871751
-139,48711477477;59,5355209426904
-139,362449684607;59,3859418991773
-138,458249703878;57,9929299574951
-137,181174580912;56,0947479932654
-135,944315951886;54,2330279084369
-134,717481305079;52,3907780974812
-133,498161039435;50,563954021115
-131,785181689908;48,1353851862055
-129,137792968875;44,7592241136869
-126,630735694574;41,4574136868483
-124,127803194147;38,1766383289844
-121,623637483358;34,909309641027
-118,849315369738;31,0150509609739
-115,382832161793;26,0997695843837
-111,575183195568;20,5182429238804
-107,23793848142;14,4971347473831
-102,638425929832;8,0526613792551
-97,4877437723552;1,36654866595111
-92,1026901737801;-5,73068468132216
-86,2438621991513;-13,1230771845845
-79,8642104282728;-20,8129196719454
-72,8705047368253;-28,7823210833736
-65,3202591209845;-37,1876996708975
-57,0026937009405;-45,9529129710455
-48,0925063876954;-54,7279137489748
-39,3432176913227;-63,3161997597285
-30,852426038052;-71,0502434136421
-22,6893264227136;-78,0778866576781
-15,0169450773465;-84,6994856091975
-7,55162256938006;-90,6845313790347
-,380382515324146;-96,1848903758888
6,38977983198632;-101,423176308952
12,9186309688534;-106,127539822685
19,0431223521278;-110,553671883151
24,7577513178546;-114,474764660854
29,8613770737606;-118,057654440178
34,0620764298578;-120,988888102353
37,3587849677446;-123,501905691178
40,6356367223994;-126,005110652677
43,9313221628423;-128,510172827649
47,2522275162197;-131,018830468981
50,1092308212418;-133,19429631897
51,9327480166536;-134,411968433398
53,7708313867639;-135,636835747028
55,6263895008449;-136,868950754157
57,5162135211393;-138,138353501122
59,3483728161264;-139,330552673917
59,4982233157325;-139,456382104672
59,6471433756102;-139,577729789782
59,6981401174117;-139,241422811832
59,9018112670779;-138,916175629185
60,021591989858;-138,453120979938
60,1358500652513;-137,992596786868
60,3485275672389;-137,157855589171
60,5692422358958;-136,135475282705
60,7025872059557;-135,042872489072
60,9367896332978;-134,157141594494
61,1624894679159;-133,30424927378
61,3802853749241;-132,479115422434
61,4961233501164;-131,541241760852
61,7194634305198;-130,787998173385
62,0279081172585;-129,557409341832
62,201066937194;-128,089928998796
62,5001590844134;-126,828746797427
62,7918436797656;-125,597182770028
63,0398869529583;-124,009781056179
63,1518823121515;-122,29839776652
63,3995939525411;-120,774274445443
63,6443100002026;-119,26977490472
63,8873192717427;-117,779306590784
64,1309145345034;-116,29841844977
64,2628930717209;-114,691264208644
64,5480365142185;-113,253834146382
64,8336175744252;-111,803108617416
65,1227088774042;-110,334056706023
65,4176308629239;-108,839865640649
65,6207386430783;-107,196668678037
65,9969534404151;-105,698947458926
66,3668184444795;-104,124754276536
66,6343819151024;-102,343848793355
67,0912295605927;-100,677353532068
67,4849049411121;-98,8023006823656
67,9108007530722;-96,7976380558693
68,3699328726438;-94,6215209913915
68,8650704720544;-92,2201473715376
69,6911834429054;-89,8807698480673
70,4065241899858;-86,9755653485452
71,1441786682779;-83,8572666934478
71,8692242887618;-80,5151819340894
72,6239720279155;-76,8385257410762
73,3801552210025;-72,840515758684
74,150631490347;-68,4104938490376
74,8208312754396;-63,3088227123377
75,6722486281742;-58,1241924634866
76,2709412239165;-52,9038790936818
76,7356212155454;-47,7029815391881
77,0712106507105;-42,5115123734925
77,2838443580515;-37,320778970956
77,3785249565878;-32,1219264907326
77,4019633037293;-26,9396541585942
77,3255415799646;-21,7145769601775
77,119704729363;-16,4106720598114
76,7769135284081;-11,0106673899861
76,2354575122274;-5,46985863021213
75,7912151106473;7,95619437493891E-02
75,0821107342687;5,74155349079547
74,422961523828;10,7338386587334
73,6844284345833;15,208773027017
73,1380035197286;19,2992404827543
72,5227442458388;23,1767532953287
71,9218077867356;26,8966909353176
71,5233539535157;30,5218595937126
70,6046537923197;34,0688482973854
70,1321885195468;37,6228492051801
69,4786228806734;41,1664095930189
68,7755171778684;44,7322971320339
68,183603087235;48,389914446126
67,3663645009611;50,9594358234122
66,5223084889644;53,4631129998822
65,6469533635413;55,9861470885462
64,8640420764947;58,6260990819264
64,0205283841828;60,6174196201414
63,35976493245;61,5751282276635
62,6846044443929;62,487756079027
61,8073442647701;63,1925837694349
60,8613865056915;63,8563967005061
59,2785311165549;64,6355798075407
56,6211265501127;65,421652511905
54,0917179739465;66,3070819854266
51,5842328909016;67,1577007814623
49,084391922918;67,9802882658779
45,6279218505211;68,5855589641907
42,0551073875584;69,3080519276424
38,5076972756585;69,9729083155614
34,9676437861634;70,5951645524753
31,4163894768833;71,3022854635541
27,8091097362696;71,7733885399067
24,1189971777678;72,3713003945991
20,2871762413072;72,9826741455176
16,209437276128;73,7549049941966
11,8869473324089;74,2573089243967
7,07514412916444;74,9083961019729
1,50354155573529;75,628438757755
-4,03800429102034;76,0225007399475
-9,64394080510731;76,6696146213644
-15,0702422933613;77,0469091235944
-20,3056500137446;77,1119971969446
-25,6395484069104;77,3940288503211
-30,8198784404614;77,3842340527095
